,threshold,portion,weight,avg_prec,roc_auc,F1 (0.5),prec_rec_auc,ext_avg_prec,ext_roc_auc,ext_F1 (0.5),ext_prec_rec_auc,portion_base,weight_base,avg_prec_base,roc_auc_base,F1 (0.5)_base,prec_rec_auc_base,ext_avg_prec_base,ext_roc_auc_base,ext_F1 (0.5)_base,ext_prec_rec_auc_base
0,5.3,5.972725557512604e-05,16742.774975524895,0.0008305974785352801,0.8552393663048061,0.0006991844500198732,0.0008284222797074733,0.047940020419453055,0.8618995334761799,0.04906241361988552,0.04804124984854927,5.972725557512604e-05,16742.774975524895,0.0005132018647400329,0.9383693278010868,0.0,0.0004833185556327288,0.032877781803276496,0.9176122170125652,0.0,0.033322349527308136
1,5.4,4.948143396177329e-05,20209.60024668134,0.000575604961520875,0.8937919587344955,0.00030236581383550416,0.0005732099578810393,0.033554358588161776,0.8903041040371187,0.022818168491558696,0.033603607512073766,4.948143396177329e-05,20209.60024668134,0.00047622419057924414,0.9361818164773112,0.0,0.000444301346516262,0.030375775853752132,0.9161382915241816,0.0,0.03078685392652541
2,5.5,4.1668990888865665e-05,23998.66132268658,0.0004201144875539969,0.91294226528001,0.0002287109205615396,0.0004192421600137425,0.027721730657599,0.9138217292072396,0.017917564769479234,0.02781473965279684,4.1668990888865665e-05,23998.66132268658,0.00039708597490047717,0.9395394684718412,0.0,0.00036297737584738685,0.020439141307568832,0.91050303695258,0.0,0.020749431593316558
3,5.6,3.410255885683e-05,29323.31278125547,0.00026673683225317946,0.9094894059023624,0.0001687066717069495,0.00026463513578985954,0.024417136124798226,0.9131251765412302,0.01484304942032015,0.024421653954589312,3.410255885683e-05,29323.31278125547,0.00028187656809789487,0.9369255037559616,0.0,0.0002447236964961759,0.018096953915042537,0.9131314323935216,0.0,0.01835901961906324
4,5.7,2.8006874345010143e-05,35705.519569275515,0.0002423918738224165,0.8564059795432322,0.0001312304665045788,0.00024181550719599325,0.019642494930206863,0.8616362052599909,0.012254682076625759,0.01975631356469745,2.8006874345010143e-05,35705.519569275515,0.00022739969476888832,0.9296497418501308,0.0,0.0001863140711500287,0.01415904517336298,0.9029163966351078,0.0,0.014386938054553053
5,5.8,2.322966975043528e-05,43048.39503718136,0.00019018497626292462,0.7996576309979581,0.00012012309398873435,0.0001868742639509381,0.014567281496141662,0.8333501616693405,0.011844419010569837,0.014584087323039684,2.322966975043528e-05,43048.39503718136,0.00023566324665393965,0.944433378673715,0.0,0.0001866204521143904,0.01302834458107764,0.930512579479002,0.0,0.013189144476354943
6,5.9,1.798416633391753e-05,55604.467920986346,0.0001803465214882186,0.8746286346142662,9.006600370119541e-05,0.00017667000160183938,0.011012790488695046,0.8627147598646252,0.008030152683434483,0.011017977164357894,1.798416633391753e-05,55604.467920986346,0.00024898202401058754,0.9452437893088452,0.0,0.00018693768371516982,0.009682518616462722,0.9250020537037588,0.0,0.009822062968782824
7,6.0,1.4331079910334665e-05,69778.41211246497,6.800121260228636e-05,0.8836271188348115,7.59495044876762e-05,6.485773365739133e-05,0.004432452919095992,0.8721383752477962,0.006478475216898416,0.004434548248969178,1.4331079910334665e-05,69778.41211246497,0.00021902767883721208,0.9561941463237896,0.0,0.00014703749121019143,0.0071595231646234955,0.9379343419620519,0.0,0.007185732500059237
8,6.1,1.086535667127464e-05,92035.63493168676,1.8338583221168266e-05,0.5735703305829668,4.444523182731561e-05,1.8139959092725256e-05,0.0018786819069027828,0.6351374388089817,0.0044896694973299315,0.0018789247786472887,1.086535667127464e-05,92035.63493168676,0.00026157619107198833,0.9593039544849128,0.0,0.00016821229459090342,0.006813312273154756,0.9472621625351784,0.0,0.006808327683220389
9,6.2,8.898335181584116e-06,112380.57227486637,1.7069837968531687e-05,0.7525526398516591,3.816955635392081e-05,1.6648164450949088e-05,0.001359472995916549,0.7527658914186263,0.0035593484436384406,0.0013723748251672776,8.898335181584116e-06,112380.57227486637,0.00026157619107198833,0.9593039544849128,0.0,0.00016821229459090342,0.006813312273154756,0.9472621625351784,0.0,0.006808327683220389
