,threshold,portion,weight,avg_prec,roc_auc,max_F1,prec_rec_auc,ext_avg_prc,ext_roc_auc,ext_max_F1,ext_prec_rec_auc
0,4.5,0.00030291575545817026,3301.2478947734708,"[0.0056514757907169914, 0.0041033005273977225, 0.005818753934468924, 0.005988870046640072, 0.005649191324355162, 0.005551914666398207, 0.005668539487547783, 0.006578058375919874]","[0.9544815131692668, 0.944434255378696, 0.9399110690043437, 0.9470460257268631, 0.9404790609964535, 0.9112409691646992, 0.9172074395517404, 0.9566900145754244]","[0.014610917020850486, 0.013601562499999999, 0.014966862298878109, 0.014735960264784595, 0.01525370854444337, 0.014245209308319975, 0.013865760407816482, 0.01435335828982059]","[0.005647401246287288, 0.004097741979467678, 0.005812810658744145, 0.005980616829598323, 0.005643235253069622, 0.005545691729205653, 0.005662180980911416, 0.006571945007484114]","[0.2574108339249438, 0.19214285848342622, 0.24987900650910605, 0.2643858167858654, 0.24391579686929918, 0.2490856563863765, 0.2525156070979837, 0.26073214509014514]","[0.9389590989602508, 0.9274134142932224, 0.9068947492249919, 0.939456652254169, 0.9235972967233467, 0.8942460753830358, 0.904296034755544, 0.9446413088144517]","[0.33786213729276754, 0.20177487135395064, 0.3471894335231659, 0.3624827238811844, 0.353833664172936, 0.3398517008765324, 0.35057057929475616, 0.3618383818460829]","[0.2574840654976774, 0.19223490119326428, 0.2500195247801015, 0.2643921702860664, 0.24391775989500322, 0.24908335787702884, 0.2525471226092195, 0.26086469696635833]"
1,4.9,0.00013522727586497065,7394.957811607004,"[0.002001703949499111, 0.0023641553792909673, 0.002226548482807009, 0.002546637953833914, 0.001825810442523568, 0.0022303902863571833, 0, 0]","[0.8989295174519247, 0.9441754671815433, 0.9367628544775173, 0.9509739883903253, 0.766497639018289, 0.8268310366571828, 0, 0]","[0.00692468154350148, 0.007719306428479811, 0.006658521686010996, 0.00663770775502619, 0.007231137277115257, 0.006419237070578067, 0, 0]","[0.0019988259152304024, 0.002350037434257124, 0.0022224803849337635, 0.0025404651223551286, 0.0018230459695539672, 0.0022238155429311884, 0, 0]","[0.11784210117782887, 0.13498935231388026, 0.126962166300303, 0.14690635479852532, 0.11198705155960147, 0.11896073134612502, 0, 0]","[0.855620264417383, 0.9291571866932846, 0.9053587966047176, 0.9291902201157538, 0.7108360593082401, 0.7941530545287495, 0, 0]","[0.2181297803526245, 0.23250301915328267, 0.2196842311727931, 0.24330913918361888, 0.21356857938746363, 0.22825516421163136, 0, 0]","[0.11797315823346881, 0.13505728641390075, 0.1270143312641233, 0.1469971080432749, 0.11224220090258734, 0.11899856683354561, 0, 0]"
2,5.0,"[0, 0, 0, 0, 0, 0, 0, 0]","[0, 0, 0, 0, 0, 0, 0, 0]","[0, 0, 0, 0, 0, 0, 0, 0]","[0, 0, 0, 0, 0, 0, 0, 0]","[0, 0, 0, 0, 0, 0, 0, 0]","[0, 0, 0, 0, 0, 0, 0, 0]","[0, 0, 0, 0, 0, 0, 0, 0]","[0, 0, 0, 0, 0, 0, 0, 0]","[0, 0, 0, 0, 0, 0, 0, 0]","[0, 0, 0, 0, 0, 0, 0, 0]"
3,5.1,"[0, 0, 0, 0, 0, 0, 0, 0]","[0, 0, 0, 0, 0, 0, 0, 0]","[0, 0, 0, 0, 0, 0, 0, 0]","[0, 0, 0, 0, 0, 0, 0, 0]","[0, 0, 0, 0, 0, 0, 0, 0]","[0, 0, 0, 0, 0, 0, 0, 0]","[0, 0, 0, 0, 0, 0, 0, 0]","[0, 0, 0, 0, 0, 0, 0, 0]","[0, 0, 0, 0, 0, 0, 0, 0]","[0, 0, 0, 0, 0, 0, 0, 0]"
4,5.2,"[0, 0, 0, 0, 0, 0, 0, 0]","[0, 0, 0, 0, 0, 0, 0, 0]","[0, 0, 0, 0, 0, 0, 0, 0]","[0, 0, 0, 0, 0, 0, 0, 0]","[0, 0, 0, 0, 0, 0, 0, 0]","[0, 0, 0, 0, 0, 0, 0, 0]","[0, 0, 0, 0, 0, 0, 0, 0]","[0, 0, 0, 0, 0, 0, 0, 0]","[0, 0, 0, 0, 0, 0, 0, 0]","[0, 0, 0, 0, 0, 0, 0, 0]"
5,5.3,"[0, 0, 0, 0, 0, 0, 0, 0]","[0, 0, 0, 0, 0, 0, 0, 0]","[0, 0, 0, 0, 0, 0, 0, 0]","[0, 0, 0, 0, 0, 0, 0, 0]","[0, 0, 0, 0, 0, 0, 0, 0]","[0, 0, 0, 0, 0, 0, 0, 0]","[0, 0, 0, 0, 0, 0, 0, 0]","[0, 0, 0, 0, 0, 0, 0, 0]","[0, 0, 0, 0, 0, 0, 0, 0]","[0, 0, 0, 0, 0, 0, 0, 0]"
6,5.4,"[0, 0, 0, 0, 0, 0, 0, 0]","[0, 0, 0, 0, 0, 0, 0, 0]","[0, 0, 0, 0, 0, 0, 0, 0]","[0, 0, 0, 0, 0, 0, 0, 0]","[0, 0, 0, 0, 0, 0, 0, 0]","[0, 0, 0, 0, 0, 0, 0, 0]","[0, 0, 0, 0, 0, 0, 0, 0]","[0, 0, 0, 0, 0, 0, 0, 0]","[0, 0, 0, 0, 0, 0, 0, 0]","[0, 0, 0, 0, 0, 0, 0, 0]"
7,5.5,"[0, 0, 0, 0, 0, 0, 0, 0]","[0, 0, 0, 0, 0, 0, 0, 0]","[0, 0, 0, 0, 0, 0, 0, 0]","[0, 0, 0, 0, 0, 0, 0, 0]","[0, 0, 0, 0, 0, 0, 0, 0]","[0, 0, 0, 0, 0, 0, 0, 0]","[0, 0, 0, 0, 0, 0, 0, 0]","[0, 0, 0, 0, 0, 0, 0, 0]","[0, 0, 0, 0, 0, 0, 0, 0]","[0, 0, 0, 0, 0, 0, 0, 0]"
8,5.6,"[0, 0, 0, 0, 0, 0, 0, 0]","[0, 0, 0, 0, 0, 0, 0, 0]","[0, 0, 0, 0, 0, 0, 0, 0]","[0, 0, 0, 0, 0, 0, 0, 0]","[0, 0, 0, 0, 0, 0, 0, 0]","[0, 0, 0, 0, 0, 0, 0, 0]","[0, 0, 0, 0, 0, 0, 0, 0]","[0, 0, 0, 0, 0, 0, 0, 0]","[0, 0, 0, 0, 0, 0, 0, 0]","[0, 0, 0, 0, 0, 0, 0, 0]"
9,5.7,"[0, 0, 0, 0, 0, 0, 0, 0]","[0, 0, 0, 0, 0, 0, 0, 0]","[0, 0, 0, 0, 0, 0, 0, 0]","[0, 0, 0, 0, 0, 0, 0, 0]","[0, 0, 0, 0, 0, 0, 0, 0]","[0, 0, 0, 0, 0, 0, 0, 0]","[0, 0, 0, 0, 0, 0, 0, 0]","[0, 0, 0, 0, 0, 0, 0, 0]","[0, 0, 0, 0, 0, 0, 0, 0]","[0, 0, 0, 0, 0, 0, 0, 0]"
10,5.8,"[0, 0, 0, 0, 0, 0, 0, 0]","[0, 0, 0, 0, 0, 0, 0, 0]","[0, 0, 0, 0, 0, 0, 0, 0]","[0, 0, 0, 0, 0, 0, 0, 0]","[0, 0, 0, 0, 0, 0, 0, 0]","[0, 0, 0, 0, 0, 0, 0, 0]","[0, 0, 0, 0, 0, 0, 0, 0]","[0, 0, 0, 0, 0, 0, 0, 0]","[0, 0, 0, 0, 0, 0, 0, 0]","[0, 0, 0, 0, 0, 0, 0, 0]"
11,5.9,"[0, 0, 0, 0, 0, 0, 0, 0]","[0, 0, 0, 0, 0, 0, 0, 0]","[0, 0, 0, 0, 0, 0, 0, 0]","[0, 0, 0, 0, 0, 0, 0, 0]","[0, 0, 0, 0, 0, 0, 0, 0]","[0, 0, 0, 0, 0, 0, 0, 0]","[0, 0, 0, 0, 0, 0, 0, 0]","[0, 0, 0, 0, 0, 0, 0, 0]","[0, 0, 0, 0, 0, 0, 0, 0]","[0, 0, 0, 0, 0, 0, 0, 0]"
12,6.0,"[0, 0, 0, 0, 0, 0, 0, 0]","[0, 0, 0, 0, 0, 0, 0, 0]","[0, 0, 0, 0, 0, 0, 0, 0]","[0, 0, 0, 0, 0, 0, 0, 0]","[0, 0, 0, 0, 0, 0, 0, 0]","[0, 0, 0, 0, 0, 0, 0, 0]","[0, 0, 0, 0, 0, 0, 0, 0]","[0, 0, 0, 0, 0, 0, 0, 0]","[0, 0, 0, 0, 0, 0, 0, 0]","[0, 0, 0, 0, 0, 0, 0, 0]"
13,6.1,"[0, 0, 0, 0, 0, 0, 0, 0]","[0, 0, 0, 0, 0, 0, 0, 0]","[0, 0, 0, 0, 0, 0, 0, 0]","[0, 0, 0, 0, 0, 0, 0, 0]","[0, 0, 0, 0, 0, 0, 0, 0]","[0, 0, 0, 0, 0, 0, 0, 0]","[0, 0, 0, 0, 0, 0, 0, 0]","[0, 0, 0, 0, 0, 0, 0, 0]","[0, 0, 0, 0, 0, 0, 0, 0]","[0, 0, 0, 0, 0, 0, 0, 0]"
